0.612158 -0.788748 -0.0560183 -8.85719e-05 0.790735 0.610533 0.0445872 -0.000147436 -0.000967062 -0.0715901 0.997434 -0.000106623
0.60642 -0.793009 -0.0582363 0.705346 0.79514 0.605022 0.0412319 0.911722 0.002537 -0.0713099 0.997451 -0.023685
0.6085 -0.791261 -0.060285 1.33928 0.793529 0.607329 0.0382538 1.76151 0.00634412 -0.0711153 0.997448 -0.0337301
0.57764 -0.815707 -0.030896 1.95625 0.815879 0.57573 0.0536405 2.61465 -0.0259672 -0.0561922 0.998082 -0.0528942
0.580502 -0.813596 -0.0328524 2.60754 0.813861 0.578484 0.0546594 3.50752 -0.0254661 -0.0584672 0.997964 -0.0849525
0.583805 -0.810955 -0.0390435 3.29484 0.811714 0.581986 0.0491231 4.52324 -0.0171138 -0.0603704 0.998029 -0.119526
0.584921 -0.810122 -0.0396367 3.8961 0.810993 0.583394 0.0440651 5.37244 -0.0125743 -0.0579196 0.998242 -0.133015
0.59157 -0.805228 -0.0406537 4.47932 0.806166 0.59001 0.0445608 6.18721 -0.0118955 -0.0591345 0.998179 -0.220547
0.696083 -0.716866 -0.0396361 5.22251 0.717919 0.694382 0.0492509 7.04728 -0.00778367 -0.0627382 0.998 -0.228682
0.768594 -0.639549 -0.015477 6.05071 0.639098 0.766523 0.0632151 7.82184 -0.0285657 -0.0584781 0.99788 -0.237903
0.776904 -0.628196 -0.0423035 7.12721 0.629597 0.775676 0.0439686 8.68187 0.00519291 -0.0607935 0.998137 -0.266443
0.698087 -0.715298 -0.0319978 8.07366 0.715833 0.696211 0.0536107 9.58304 -0.0160703 -0.06033 0.998049 -0.265818
0.651844 -0.757579 -0.0342512 8.83694 0.758152 0.649966 0.0524371 10.4331 -0.0174631 -0.0601484 0.998037 -0.228417
0.677345 -0.73472 -0.037289 9.7067 0.735641 0.676039 0.0424657 11.3814 -0.00599161 -0.0561953 0.998402 -0.369198
0.690489 -0.722331 -0.0382599 10.3845 0.723336 0.68929 0.040786 12.1372 -0.00308883 -0.055837 0.998435 -0.368164
0.69496 -0.718163 -0.035682 11.1237 0.718994 0.693442 0.0467503 12.8858 -0.00883097 -0.0581448 0.998269 -0.398363
0.828919 -0.559266 -0.0106785 11.98 0.558595 0.826619 0.0683591 13.7334 -0.0294039 -0.0626291 0.997604 -0.408974
0.838661 -0.543823 -0.030084 12.8808 0.544558 0.83619 0.0651404 14.2758 -0.0102689 -0.0710132 0.997423 -0.449561
0.845431 -0.533266 -0.0295619 13.7657 0.534009 0.843081 0.0636268 14.853 -0.00900699 -0.0695784 0.997536 -0.458403
0.805866 -0.59148 -0.0270431 14.6259 0.59191 0.803618 0.0619754 15.3978 -0.0149249 -0.065951 0.997711 -0.429515
0.811552 -0.583941 -0.0199097 15.4684 0.583964 0.809522 0.0604915 16.03 -0.0192061 -0.0607186 0.99797 -0.490834
0.813015 -0.582196 -0.00739 16.2927 0.581459 0.811197 0.0621663 16.6446 -0.0301982 -0.0548391 0.998038 -0.443198
0.813214 -0.581951 -0.00390509 17.3782 0.581157 0.811715 0.0581026 17.3933 -0.0306431 -0.0495194 0.998303 -0.53174
0.81744 -0.575898 -0.0115567 18.2935 0.575805 0.816439 0.0433161 18.0437 -0.0155104 -0.0420627 0.998995 -0.554612
0.817099 -0.574238 -0.0509875 19.2471 0.576384 0.815487 0.0525642 18.6929 0.0113953 -0.0723386 0.997315 -0.539312
0.820588 -0.571321 -0.0151242 20.2593 0.57127 0.819157 0.051301 19.4246 -0.0169203 -0.050737 0.998569 -0.574481
0.826818 -0.562409 -0.00819273 21.1944 0.562438 0.826531 0.0226032 20.0818 -0.0059407 -0.0232966 0.999711 -0.599018
0.827297 -0.561698 -0.00864735 22.0664 0.561748 0.827058 0.0203425 20.7015 -0.00427449 -0.0216869 0.999756 -0.638989
0.832771 -0.553577 -0.00668261 23.041 0.553602 0.8326 0.0173769 21.3203 -0.00405551 -0.0181705 0.999827 -0.613121
0.845125 -0.5345 -0.00860919 24.1477 0.534569 0.845008 0.0140345 22.0572 -0.000226578 -0.0164631 0.999864 -0.681574
0.854384 -0.519316 -0.0183919 25.2992 0.519582 0.853215 0.0453739 22.7287 -0.00787115 -0.0483229 0.998801 -0.710255
0.860554 -0.508996 -0.0192445 26.3175 0.509337 0.859547 0.0418949 23.3559 -0.00478281 -0.0458548 0.998937 -0.686512
0.834096 -0.551326 -0.0180046 27.3889 0.551584 0.833222 0.0386763 24.0428 -0.00632143 -0.0421908 0.99909 -0.73922
0.743496 -0.668678 0.00914922 28.2603 0.666829 0.742334 0.0654184 24.7069 -0.0505356 -0.0425373 0.997816 -0.772172
0.593657 -0.804469 -0.0200144 28.8094 0.804579 0.592907 0.0333926 25.2679 -0.0149967 -0.0359269 0.999242 -0.748833
0.340157 -0.940135 -0.0209724 29.1903 0.940147 0.339509 0.0292781 26.0099 -0.020405 -0.0296763 0.999351 -0.769861
0.119727 -0.992609 -0.0198147 29.3435 0.992484 0.119155 0.0278867 26.865 -0.0253196 -0.0230046 0.999415 -0.786113
0.12635 -0.991779 -0.0202358 29.5096 0.991738 0.125836 0.0249186 28.0133 -0.0221673 -0.023217 0.999485 -0.855697
0.152966 -0.987972 -0.02264 29.6133 0.988098 0.152528 0.0199596 29.0396 -0.0162663 -0.0254237 0.999544 -0.839064
0.147339 -0.988845 -0.021831 29.7875 0.988911 0.146862 0.0220729 30.1182 -0.0186205 -0.0248411 0.999518 -0.910737
0.0303511 -0.999307 -0.0215434 29.9317 0.999354 0.0299235 0.0199005 31.3238 -0.019242 -0.0221335 0.99957 -0.920839
0.045783 -0.998739 -0.0205837 29.9595 0.998634 0.0452396 0.0261308 32.635 -0.0251666 -0.0217519 0.999447 -0.990233
0.108744 -0.993816 -0.0224495 30.0245 0.993972 0.108389 0.0164918 33.7741 -0.0139566 -0.0241076 0.999612 -1.06805
0.121492 -0.992289 -0.0245331 30.1261 0.992518 0.121144 0.0152038 34.988 -0.0121145 -0.0261967 0.999583 -1.09444
0.120065 -0.992517 -0.0222501 30.3056 0.99269 0.119748 0.0150724 36.259 -0.0122952 -0.0238971 0.999639 -1.03914
0.300179 -0.953633 -0.0218253 30.5954 0.953858 0.299929 0.0140315 37.367 -0.00683482 -0.0250302 0.999663 -1.1195
0.517282 -0.855423 -0.0258951 31.0677 0.855782 0.517291 0.006851 38.4505 0.00753483 -0.0257045 0.999641 -1.09577
0.561931 -0.827184 -1.24675e-05 31.6631 0.826803 0.561672 0.030354 39.4762 -0.0251014 -0.0170672 0.999539 -1.15303
0.500862 -0.865521 -0.00325766 32.274 0.865085 0.500482 0.0338393 40.4106 -0.0276582 -0.019767 0.999422 -1.19004
0.327206 -0.944946 -0.00362085 32.7275 0.944526 0.32694 0.031302 41.407 -0.0283949 -0.0136622 0.999503 -1.26694
0.326544 -0.945016 0.0176958 33.0638 0.94348 0.327022 0.0538747 42.4839 -0.0566994 -0.000896845 0.998391 -1.37239
0.292383 -0.956279 -0.0065913 33.4427 0.955977 0.292097 0.0280702 43.4871 -0.0249176 -0.0145084 0.999584 -1.39319
0.0937591 -0.995573 -0.00665804 33.7746 0.995142 0.0935128 0.0307724 44.4666 -0.0300135 -0.00951089 0.999504 -1.43384
-0.128707 -0.991658 -0.00697402 33.8026 0.991229 -0.128858 0.0293531 44.9742 -0.0300069 -0.00313488 0.999545 -1.49469
-0.320749 -0.94715 -0.00516111 33.4034 0.946701 -0.320758 0.0295371 46.0438 -0.0296315 0.00458796 0.99955 -1.44157
-0.317656 -0.94813 -0.0120474 33.037 0.946667 -0.317838 0.0529121 47.059 -0.0539967 0.00540298 0.998526 -1.48067
-0.398281 -0.917249 -0.00516024 32.678 0.916983 -0.398292 0.0225036 48.1647 -0.0226967 0.00423091 0.999733 -1.56266
-0.594241 -0.804247 -0.00804509 32.2569 0.803251 -0.593953 0.0448058 48.9151 -0.0408133 0.0201632 0.998963 -1.60062
-0.700193 -0.713949 -0.00254228 31.5459 0.713769 -0.700088 0.0202338 49.7434 -0.0162257 0.012353 0.999792 -1.6152
-0.742515 -0.669815 -0.00430336 30.7956 0.669643 -0.742445 0.0188287 50.4277 -0.0158068 0.0110989 0.999813 -1.62378
-0.691445 -0.72238 -0.00842553 29.8855 0.721451 -0.691068 0.0439658 51.3084 -0.0375827 0.0243213 0.998998 -1.74981
-0.661506 -0.749937 -0.00223841 28.9964 0.749847 -0.661467 0.0138385 52.2876 -0.0118586 0.00747575 0.999902 -1.75044
-0.666057 -0.745716 -0.0165955 28.3038 0.745148 -0.66622 0.0300797 53.0207 -0.0334871 0.00766872 0.99941 -1.75953
-0.664809 -0.747012 -0.00151589 27.6085 0.747004 -0.664809 0.0036029 53.8635 -0.00369919 0.00126286 0.999992 -1.68425
-0.665387 -0.746437 -0.00955682 26.87 0.745846 -0.665287 0.0332892 54.6362 -0.0312063 0.0150223 0.9994 -1.84276
-0.66159 -0.74978 -0.0113745 26.1692 0.749291 -0.6616 0.0291075 55.4258 -0.0293496 0.0107344 0.999512 -1.8772
-0.655054 -0.755467 -0.0132057 25.4317 0.755101 -0.655161 0.0242379 56.2267 -0.0269628 0.0059055 0.999619 -1.90916
-0.654478 -0.755971 -0.0128777 24.5729 0.755679 -0.65459 0.0214578 57.239 -0.0246511 0.00431229 0.999687 -1.93646
-0.654086 -0.756372 0.0085583 23.6891 0.7563 -0.654141 -0.0104598 58.1896 0.0135098 -0.000368953 0.999909 -1.95589
-0.646 -0.763205 -0.0142348 23.0355 0.762631 -0.646092 0.0309711 58.9856 -0.0328343 0.00915139 0.999419 -1.99435
-0.650002 -0.75993 -0.00196382 22.3691 0.75956 -0.649761 0.0296491 59.7662 -0.0238072 0.0177803 0.999558 -2.12859
-0.633316 -0.773659 -0.0190339 21.5672 0.772375 -0.633422 0.0470512 60.7449 -0.0484581 0.0150969 0.998711 -1.99156
-0.601263 -0.798922 -0.0143483 20.8053 0.798713 -0.601434 0.0183047 61.6375 -0.0232536 -0.000454215 0.999729 -2.13115
-0.532286 -0.846433 -0.0148995 20.0266 0.846316 -0.532474 0.0148452 62.7178 -0.0204991 -0.00470781 0.999779 -2.22103
-0.448771 -0.893646 0.00102553 19.5175 0.89325 -0.448537 0.0303207 63.7094 -0.026636 0.0145231 0.99954 -2.1956
-0.379738 -0.924885 -0.0196854 19.0646 0.924078 -0.380232 0.0387797 64.6592 -0.0433518 -0.00346477 0.999054 -2.29646
-0.374584 -0.926975 -0.0200857 18.6404 0.926717 -0.374998 0.0239107 65.6183 -0.0296967 -0.00965724 0.999512 -2.32777
-0.593112 -0.805095 -0.00631591 18.0858 0.804915 -0.59312 0.0179032 66.7134 -0.0181599 0.00553484 0.99982 -2.43256
-0.598355 -0.800678 -0.0297688 17.3487 0.799289 -0.599077 0.0473691 67.7336 -0.0557612 0.00454968 0.998434 -2.50851
-0.603112 -0.797516 -0.014987 16.6612 0.797044 -0.603279 0.0278612 68.6348 -0.0312611 0.00485814 0.999499 -2.42775
-0.597658 -0.801586 -0.0162657 15.8653 0.800922 -0.597839 0.0333579 69.6695 -0.0364635 0.00690903 0.999311 -2.49251
-0.593363 -0.804919 -0.00515637 15.1232 0.804401 -0.59319 0.0326296 70.7148 -0.0293229 0.0152134 0.999454 -2.56218
-0.587384 -0.809285 -0.00610575 14.3488 0.808848 -0.587288 0.0292883 71.7465 -0.0272884 0.0122649 0.999552 -2.59898
-0.579815 -0.81464 -0.0132874 13.7688 0.813678 -0.579812 0.0418032 72.562 -0.0417588 0.0134265 0.999038 -2.63251
-0.572171 -0.820132 -0.00181689 13.1885 0.819456 -0.571786 0.0394007 73.4011 -0.0333527 0.0210551 0.999222 -2.63788
-0.564508 -0.82537 -0.00973123 12.4764 0.82506 -0.564569 0.0231889 74.3963 -0.0246334 0.00506148 0.999684 -2.78688
-0.560067 -0.828438 -0.00397418 11.737 0.828068 -0.55995 0.0275591 75.4822 -0.0250563 0.012144 0.999612 -2.71663
-0.563109 -0.826365 -0.00544161 11.0602 0.82625 -0.563124 0.0142026 76.4677 -0.0148008 0.00350145 0.999884 -2.80286
-0.55762 -0.830083 -0.00469535 10.318 0.829668 -0.557506 0.028951 77.5633 -0.0266494 0.0122481 0.99957 -2.84309
-0.546958 -0.83716 2.71626e-06 9.61565 0.836916 -0.546799 0.0241433 78.5933 -0.0202103 0.0132076 0.999709 -2.92045
-0.541006 -0.840829 -0.0178434 8.91131 0.839856 -0.541252 0.0410948 79.67 -0.0442115 0.00724666 0.998996 -2.93423
-0.538969 -0.84232 0.00298509 8.22753 0.842262 -0.538882 0.0141403 80.7665 -0.0103021 0.0101354 0.999896 -2.96712
-0.528779 -0.848705 -0.00961493 7.54765 0.847938 -0.528732 0.0379835 81.8234 -0.0373205 0.011932 0.999232 -3.02199
-0.51428 -0.857622 -0.000150181 6.94849 0.857375 -0.514136 0.0239177 82.8304 -0.0205896 0.0121716 0.999714 -3.06477
-0.452472 -0.891217 -0.0316392 6.37787 0.888517 -0.453565 0.0693986 83.8736 -0.0761997 0.00328891 0.997087 -3.12242
-0.393183 -0.91946 0.000654587 5.86695 0.919407 -0.393152 0.0110676 84.907 -0.00991882 0.00495341 0.999939 -3.10955
-0.424195 -0.905564 -0.00356238 5.29451 0.905095 -0.424097 0.0307266 86.1473 -0.0293357 0.00980979 0.999521 -3.17661
-0.467765 -0.883828 0.00669132 4.75363 0.883817 -0.467664 0.0125743 87.2672 -0.0079842 0.0117957 0.999899 -3.20161
-0.383907 -0.923193 -0.0181981 4.23194 0.922632 -0.384313 0.0324707 88.2372 -0.0369704 -0.00432444 0.999307 -3.31029
-0.307853 -0.951428 -0.00331912 3.8238 0.951222 -0.307856 0.0200495 89.4505 -0.0200975 0.00301508 0.999793 -3.28095
-0.302432 -0.953109 -0.0108484 3.50634 0.952546 -0.302626 0.0327721 90.4396 -0.0345184 -0.000422256 0.999404 -3.41318
-0.378571 -0.925468 -0.0138638 3.16797 0.924418 -0.378804 0.0442556 91.646 -0.0462088 0.0039379 0.998924 -3.52683
-0.524983 -0.851112 0.000908654 2.59768 0.850894 -0.524824 0.0231967 92.7083 -0.0192661 0.012951 0.999731 -3.445
-0.590535 -0.807007 -0.0029445 2.03793 0.80662 -0.590358 0.0289984 93.5558 -0.0251402 0.0147495 0.999575 -3.54497
-0.669763 -0.742541 0.00709758 1.36623 0.742472 -0.66948 0.0230396 94.3886 -0.0123561 0.0207008 0.999709 -3.54341
-0.720465 -0.693492 -0.000494331 0.586027 0.692989 -0.719969 0.0375731 95.1361 -0.0264125 0.0267275 0.999294 -3.55137
-0.717065 -0.696938 -0.00972804 -0.347663 0.696617 -0.717061 0.0234054 96.0389 -0.0232877 0.0100065 0.999679 -3.58461
-0.710573 -0.703516 -0.0123447 -1.05932 0.702991 -0.710568 0.0299532 96.7639 -0.0298443 0.0126057 0.999475 -3.63804
-0.70548 -0.708697 -0.00682986 -1.96747 0.708297 -0.705354 0.0281326 97.6508 -0.024755 0.0150095 0.999581 -3.65502
-0.702133 -0.711864 -0.0160775 -2.82392 0.710543 -0.701939 0.0490994 98.4728 -0.0462375 0.0230506 0.998664 -3.81549
-0.704152 -0.708428 -0.0479476 -3.67518 0.705583 -0.705688 0.0644705 99.3494 -0.0795088 0.011566 0.996767 -3.73643
-0.821854 -0.569215 -0.0234552 -4.70586 0.567801 -0.82178 0.047742 100.15 -0.0464504 0.0259191 0.998584 -3.84407
-0.94139 -0.335295 -0.0368972 -5.54537 0.333756 -0.941714 0.04222 100.579 -0.0489028 0.0274308 0.998427 -3.9851
-0.99349 -0.10876 -0.0339027 -6.63617 0.107393 -0.993418 0.0398499 100.881 -0.0380136 0.0359496 0.99863 -4.01248
-0.964885 -0.2608 -0.0312997 -7.80885 0.260218 -0.96531 0.0215076 101.027 -0.0358231 0.0126076 0.999279 -4.03487
-0.868911 -0.490775 -0.0642903 -8.42386 0.489912 -0.871267 0.0296586 101.124 -0.0705698 -0.00572593 0.99749 -4.15341
-0.845086 -0.531581 -0.0570201 -9.48779 0.531323 -0.846913 0.0208529 101.896 -0.059376 -0.0126736 0.998155 -4.18184
-0.885989 -0.460364 -0.0555765 -10.5332 0.46037 -0.887625 0.013444 102.536 -0.0555202 -0.0136745 0.998364 -4.25991
-0.953564 -0.295958 -0.055895 -11.677 0.295803 -0.955183 0.0112116 103.001 -0.0567081 -0.00584293 0.998374 -4.36412
-0.997145 -0.0575475 -0.0488848 -12.893 0.0575148 -0.998342 0.00207627 103.243 -0.0489233 -0.000741262 0.998802 -4.32823
-0.996833 0.0347841 -0.0715184 -14.0526 -0.0337815 -0.999314 -0.0151808 103.213 -0.0719974 -0.0127167 0.997324 -4.43573
-0.998519 0.0401699 -0.0366905 -15.3574 -0.0400702 -0.999191 -0.00344784 103.134 -0.0367993 -0.00197253 0.999321 -4.50245
-0.997679 0.0439481 -0.052014 -16.6572 -0.0430889 -0.998917 -0.0175272 103.089 -0.052728 -0.0152453 0.998493 -4.66117
-0.993796 0.10245 -0.0432797 -17.882 -0.101638 -0.994609 -0.0205653 102.943 -0.0451533 -0.0160388 0.998851 -4.68046
-0.946636 0.321041 -0.0285224 -19.1407 -0.320986 -0.947061 -0.00660181 102.663 -0.0291319 0.00290579 0.999571 -4.75328
-0.939602 0.340581 -0.0339551 -20.2413 -0.340755 -0.940152 -0.000700562 102.344 -0.0321615 0.0109121 0.999423 -4.81962
-0.937504 0.347262 -0.0222447 -21.334 -0.347418 -0.937704 0.0034706 101.957 -0.0196538 0.0109819 0.999747 -4.89708
-0.934072 0.355349 -0.0351745 -22.5036 -0.355752 -0.934563 0.0057572 101.471 -0.0308269 0.017891 0.999365 -4.90902
-0.895697 0.443071 -0.0376108 -23.7068 -0.443712 -0.896109 0.0104128 100.949 -0.0290898 0.026015 0.999238 -4.92836
-0.797591 0.602023 -0.0376547 -24.6598 -0.602046 -0.798371 -0.0119918 100.433 -0.0372818 0.0131053 0.999219 -4.94993
-0.77948 0.626214 -0.0163331 -25.4976 -0.62642 -0.779328 0.0156919 99.7337 -0.00290241 0.0224629 0.999743 -4.97184
-0.769275 0.63713 -0.0477535 -26.3393 -0.637447 -0.770426 -0.0102563 99.0499 -0.0433252 0.0225503 0.998806 -5.08573
-0.809245 0.587115 -0.0204529 -27.3222 -0.587246 -0.809409 0.0004732 98.2606 -0.016277 0.0123938 0.999791 -5.13359
-0.809302 0.587392 -0.000382873 -28.3378 -0.587329 -0.809206 0.0151789 97.5279 0.00860616 0.0125092 0.999885 -5.11674
-0.80847 0.587872 -0.0279805 -29.2162 -0.588086 -0.808798 -0.00071173 96.8882 -0.023049 0.0158795 0.999608 -5.11587
-0.806895 0.5901 -0.0264961 -30.2134 -0.590405 -0.807092 0.00494354 96.151 -0.0184676 0.0196324 0.999637 -5.20001
-0.808452 0.587686 -0.0321002 -31.095 -0.58819 -0.808677 0.00857698 95.4938 -0.0209181 0.0258151 0.999448 -5.1236
-0.806124 0.591223 -0.0249062 -32.0214 -0.591593 -0.80616 0.0110994 94.8037 -0.0135161 0.0236818 0.999628 -5.15653
-0.806694 0.590301 -0.0280926 -32.9056 -0.590774 -0.806738 0.0126431 94.1391 -0.0152001 0.0267954 0.999525 -5.25468
-0.804044 0.593901 -0.0281986 -33.7546 -0.594493 -0.8038 0.0220158 93.5922 -0.00959081 0.0344655 0.99936 -5.22008
-0.881876 0.471186 -0.0166746 -34.5901 -0.47107 -0.882033 -0.0105659 92.9918 -0.019686 -0.00146287 0.999805 -5.27757
-0.92736 0.372747 -0.0325955 -35.5226 -0.372718 -0.927917 -0.00719054 92.5791 -0.0329262 0.00548073 0.999443 -5.29488
-0.932492 0.358306 -0.0455533 -36.5074 -0.358827 -0.933397 0.00354297 92.2226 -0.0412498 0.0196495 0.998956 -5.38646
-0.884609 0.46346 -0.0516967 -37.4714 -0.464204 -0.885724 0.00273144 91.8462 -0.0445231 0.0264141 0.998659 -5.47227
-0.838963 0.542834 -0.038366 -38.3143 -0.542028 -0.839829 -0.0298951 91.2588 -0.048449 -0.00428545 0.998816 -5.5181
-0.898988 0.435367 -0.0477082 -39.4411 -0.435535 -0.900142 -0.00737239 90.5369 -0.0461538 0.0141509 0.998834 -5.57294
-0.949189 0.314693 -0.00287911 -40.7087 -0.314692 -0.949193 -0.000914043 90.0723 -0.00302048 3.84342e-05 0.999995 -5.65238
-0.957615 0.288018 -0.00430833 -41.6983 -0.287906 -0.957503 -0.0172848 89.7526 -0.00910358 -0.0153118 0.999841 -5.65947
-0.990375 0.13831 -0.00532064 -43.003 -0.138194 -0.990242 -0.0179826 89.4558 -0.00775589 -0.0170742 0.999824 -5.62795
-0.99973 0.0089766 -0.0214241 -44.2753 -0.00920711 -0.999901 0.010685 89.3111 -0.021326 0.0108794 0.999713 -5.71738
-0.994013 -0.108702 -0.0110123 -45.4404 0.108645 -0.994064 0.00568854 89.3455 -0.0115653 0.00445805 0.999923 -5.72304
-0.990619 -0.136483 -0.00687465 -46.482 0.136468 -0.990641 0.00268847 89.4592 -0.00717724 0.00172508 0.999973 -5.65207
-0.903054 -0.428723 0.0262693 -46.9397 0.426675 -0.902415 -0.0599695 89.483 0.0494161 -0.0429473 0.997854 -5.60974
-0.792375 -0.609756 -0.0184277 -47.5041 0.609493 -0.790036 -0.0660379 89.8593 0.0257084 -0.0635583 0.997647 -5.62886
-0.839964 -0.542378 -0.0169487 -48.4223 0.542319 -0.837973 -0.0607519 90.5106 0.0187479 -0.060221 0.998009 -5.57337
-0.835418 -0.549322 -0.0179652 -49.2578 0.549252 -0.833231 -0.0636292 91.072 0.0199838 -0.0630243 0.997812 -5.58679
-0.675064 -0.737447 0.0214549 -49.6848 0.731277 -0.672697 -0.112751 91.1206 0.0975802 -0.0604244 0.993392 -5.60939
-0.376539 -0.926285 0.014684 -49.8651 0.926397 -0.376443 0.00892938 91.436 -0.00274347 0.0169655 0.999852 -5.59251
-0.560586 -0.828059 0.00787125 -50.0614 0.828078 -0.560612 -0.00137847 92.3385 0.00555417 0.00574526 0.999968 -5.65538
-0.729844 -0.683565 0.00813475 -50.2363 0.683587 -0.729869 -0.000142794 92.5656 0.00603491 0.00545659 0.999967 -5.61939
-0.871188 -0.490852 0.00978486 -50.6212 0.490881 -0.871227 0.000648972 92.8048 0.00820628 0.00536858 0.999952 -5.63511
-0.85489 -0.518804 0.00228308 -51.6018 0.518742 -0.854702 0.0197801 93.2493 -0.00831063 0.0180941 0.999802 -5.66929
-0.84628 -0.532606 0.0118471 -52.5628 0.532612 -0.846354 -0.00285328 93.8597 0.0115465 0.00389525 0.999926 -5.6312
-0.845607 -0.533458 -0.0192858 -53.5626 0.533267 -0.845824 0.0144051 94.4701 -0.0239969 0.00189656 0.99971 -5.67349
-0.928038 -0.37213 -0.0162471 -54.5533 0.371861 -0.928126 0.0173874 94.9997 -0.0215497 0.0100945 0.999717 -5.71455
-0.875161 -0.483441 -0.0194228 -55.5235 0.483251 -0.875373 0.0138377 95.4595 -0.0236919 0.00272418 0.999716 -5.72899
-0.854194 -0.519046 -0.0307275 -56.4806 0.518822 -0.854742 0.0154937 95.8933 -0.0343061 -0.00270748 0.999408 -5.72461
-0.859 -0.511639 -0.0185689 -57.4106 0.511612 -0.859192 0.00650742 96.4326 -0.0192837 -0.0039102 0.999806 -5.79292
-0.707295 -0.70677 -0.0144957 -58.2777 0.706797 -0.707405 0.00400565 96.945 -0.0130854 -0.00741235 0.999887 -5.83005
-0.467563 -0.883842 -0.0144515 -58.5945 0.883928 -0.467623 0.000891105 97.0841 -0.00754544 -0.0123574 0.999895 -5.78734
-0.236651 -0.971352 -0.0217204 -58.6378 0.971562 -0.236766 0.00287704 97.2133 -0.00793728 -0.0204219 0.99976 -5.79395
0.0419841 -0.998914 -0.0201898 -58.6742 0.999116 0.041936 0.00280239 97.524 -0.00195267 -0.0202896 0.999792 -5.81765
0.356752 -0.933978 0.0203196 -58.611 0.931079 0.357253 0.0739084 98.0263 -0.0762881 -0.00744779 0.997058 -5.82716
0.610625 -0.791697 -0.0187813 -58.4406 0.791875 0.610671 0.00385481 98.286 0.00841736 -0.0172263 0.999816 -5.87983
0.809642 -0.586083 0.0314166 -58.1577 0.584651 0.810057 0.0446243 98.5146 -0.0516027 -0.0177619 0.99851 -5.81316
0.93507 -0.354438 -0.00420883 -57.7767 0.354241 0.933997 0.0465159 98.7501 -0.012556 -0.0449865 0.998909 -5.88944
0.839165 -0.543671 -0.0149732 -56.6789 0.54385 0.838531 0.0330477 98.8554 -0.0054116 -0.0358756 0.999342 -5.89696
0.643176 -0.765438 -0.0207309 -56.4654 0.765588 0.643331 -0.0010739 98.9974 0.0141588 -0.0151806 0.999785 -5.83583
0.465159 -0.885167 -0.0103338 -56.2904 0.884864 0.464602 0.034064 99.1879 -0.0253512 -0.0249891 0.999366 -5.91171
0.271184 -0.962321 -0.0199422 -56.1822 0.96214 0.270429 0.0339799 99.4778 -0.0273067 -0.028402 0.999224 -5.88333
-0.0829298 -0.996511 -0.00944875 -56.0641 0.995642 -0.0832559 0.0420158 100.134 -0.0426558 -0.00592321 0.999072 -5.91756
-0.303751 -0.952644 0.0143159 -56.1672 0.952082 -0.30294 0.0420336 100.792 -0.0357062 0.0263976 0.999014 -5.94962
-0.222629 -0.974863 -0.00882115 -56.4173 0.9742 -0.222803 0.0359661 101.811 -0.0370274 -0.000586478 0.999314 -6.17044
0.0393478 -0.999147 0.012511 -56.5542 0.997469 0.0400177 0.0587766 102.278 -0.0592272 0.0101666 0.998193 -6.1303
-0.181968 -0.98322 -0.0129097 -56.5308 0.982621 -0.182315 0.0348983 103.522 -0.0366663 -0.00633493 0.999307 -5.92048
-0.338012 -0.941107 -0.0080716 -56.8043 0.940549 -0.338091 0.0325865 104.492 -0.0333963 0.0034229 0.999436 -6.08802
-0.349951 -0.935041 0.0568532 -57.1622 0.936762 -0.349523 0.0176355 105.642 0.00338161 0.0594295 0.998227 -6.0829
-0.520898 -0.853083 0.0302412 -57.728 0.853271 -0.519349 0.0469586 106.838 -0.0243539 0.0502647 0.998439 -6.17089
-0.548767 -0.834183 0.0547104 -58.4075 0.835575 -0.545302 0.0667886 107.893 -0.0258803 0.082366 0.996266 -6.16792
-0.496198 -0.867859 0.024661 -58.9211 0.867369 -0.494269 0.0580458 108.749 -0.0381865 0.0501924 0.998009 -6.24893
-0.441192 -0.896848 0.0318274 -59.4913 0.8972 -0.440037 0.0374146 109.906 -0.01955 0.0450625 0.998793 -6.28989
-0.438306 -0.898495 0.0243965 -59.8867 0.89729 -0.43581 0.0702855 110.856 -0.052519 0.0526973 0.997229 -6.30293
-0.4333 -0.900716 0.0310166 -60.3452 0.901049 -0.43222 0.0360173 111.829 -0.0190354 0.0435537 0.99887 -6.36131
-0.47221 -0.879805 0.0544163 -60.9406 0.880772 -0.468443 0.0692951 112.962 -0.0354752 0.0806502 0.996111 -6.14657
-0.4814 -0.875711 0.0372091 -61.5187 0.875801 -0.478885 0.0603531 113.892 -0.035033 0.0616417 0.997483 -6.37995
-0.484671 -0.871681 0.0725658 -61.94 0.874459 -0.484802 0.0169766 114.841 0.0203819 0.0716839 0.997219 -6.39445
-0.432647 -0.899082 0.0668476 -62.5852 0.901551 -0.431065 0.0372631 115.869 -0.00468691 0.0763883 0.997067 -6.48544
-0.234828 -0.971203 -0.0402493 -62.9636 0.971278 -0.236079 0.0297555 116.913 -0.0384007 -0.0321058 0.998747 -6.46305
-0.00152978 -0.999617 -0.0276418 -62.9068 0.998861 -0.00284563 0.0476272 117.82 -0.0476876 -0.0275375 0.998483 -6.61579
0.20797 -0.977707 -0.0289527 -62.7366 0.976986 0.2062 0.054594 118.314 -0.0474068 -0.0396403 0.998089 -6.47299
0.399493 -0.915981 -0.0372005 -62.7645 0.916645 0.398551 0.0303093 118.775 -0.0129364 -0.046208 0.998848 -6.52815
0.578373 -0.815754 -0.00551863 -62.3334 0.8142 0.576825 0.0659648 119.344 -0.0506278 -0.0426455 0.997807 -6.61928
0.777175 -0.628546 -0.0304748 -62.1691 0.629271 0.775931 0.0441468 119.629 -0.00410196 -0.0534867 0.99856 -6.57908
0.880296 -0.473959 -0.0209987 -61.2737 0.474176 0.877544 0.0712254 120.39 -0.0153306 -0.0726565 0.997239 -6.63405
0.806546 -0.590004 -0.0371382 -60.3672 0.591171 0.804822 0.0527185 120.97 -0.00121447 -0.0644749 0.997919 -6.6187
0.790212 -0.610853 -0.0492331 -59.3651 0.612816 0.788242 0.0559581 121.738 0.00462538 -0.0743896 0.997219 -6.55063
0.786014 -0.61649 -0.0460692 -58.485 0.618207 0.783985 0.0564528 122.416 0.00131506 -0.072853 0.997342 -6.7189
0.789427 -0.613605 -0.0171458 -57.6384 0.612954 0.786471 0.0758347 123.089 -0.0330479 -0.0703756 0.996973 -6.63073
0.787032 -0.615041 -0.0480075 -56.7036 0.616894 0.785226 0.0535041 123.854 0.00478947 -0.071725 0.997413 -6.70073
0.788307 -0.613056 -0.0522897 -55.7677 0.615243 0.78636 0.0557993 124.627 0.00691043 -0.0761579 0.997072 -6.71566
0.784437 -0.61883 -0.0413376 -54.7025 0.62019 0.782147 0.0600848 125.45 -0.0048502 -0.0727699 0.997337 -6.75562
0.78114 -0.623803 -0.02629 -53.7481 0.62395 0.778419 0.0689253 126.216 -0.0225312 -0.0702439 0.997275 -6.74555
0.778416 -0.626556 -0.0386894 -52.9607 0.627746 0.77674 0.0510886 126.865 -0.00195823 -0.0640553 0.997944 -6.78538
0.773866 -0.633094 -0.0179736 -52.1905 0.632997 0.772178 0.0552889 127.5 -0.0211242 -0.0541635 0.998309 -6.71461
0.781545 -0.623753 -0.0109607 -51.1326 0.623526 0.780455 0.0458802 128.32 -0.0200636 -0.0426917 0.998887 -6.79166
0.78023 -0.625443 0.00796757 -50.3007 0.623623 0.778818 0.0673527 129.031 -0.0483305 -0.0475818 0.997697 -6.88441
0.775088 -0.631267 -0.0272284 -49.3156 0.631776 0.773597 0.0490681 129.81 -0.00991128 -0.0552344 0.998424 -6.93865
0.822549 -0.568043 -0.0272174 -48.4562 0.568677 0.821202 0.0472674 130.457 -0.00449895 -0.0543577 0.998511 -6.9606
0.840431 -0.541248 -0.0269445 -47.5046 0.541917 0.83926 0.0443702 131.133 -0.00140184 -0.0518917 0.998652 -6.96131
0.815789 -0.577936 -0.0218786 -46.5783 0.578331 0.814871 0.0389587 131.794 -0.0046874 -0.0444351 0.999001 -6.9533
0.801849 -0.596893 -0.0275273 -45.6864 0.597503 0.801379 0.0279623 132.471 0.00536934 -0.0388691 0.99923 -7.06697
0.801192 -0.598126 -0.0183717 -44.6809 0.598217 0.799783 0.049835 133.161 -0.0151142 -0.0509176 0.998588 -7.02977
0.795631 -0.605569 -0.0160532 -43.7907 0.605747 0.795025 0.0317171 133.809 -0.00644421 -0.0349593 0.999368 -7.02556
0.742983 -0.668623 -0.0303298 -42.9383 0.669256 0.74274 0.020855 134.487 0.00858302 -0.0357933 0.999322 -7.10729
0.743694 -0.66714 -0.0429349 -42.0438 0.667964 0.744161 0.00700696 135.383 0.0272758 -0.03389 0.999053 -6.95859
0.746786 -0.664854 0.0167205 -41.0835 0.663339 0.746423 0.0532398 136.247 -0.0478772 -0.0286674 0.998442 -7.0128
0.747196 -0.664456 0.013986 -40.202 0.661053 0.745212 0.0875653 137.082 -0.0686058 -0.056183 0.996061 -7.13242
0.754907 -0.655554 -0.0190853 -39.347 0.655016 0.752196 0.0718001 137.835 -0.032713 -0.0667036 0.997236 -7.1863
0.780477 -0.618225 -0.0930185 -38.5078 0.621221 0.783624 0.00422329 138.519 0.0702805 -0.0610812 0.995655 -7.21045
0.794954 -0.60404 -0.0564196 -37.4791 0.605581 0.795657 0.0141936 139.282 0.0363172 -0.0454499 0.998306 -7.16432
0.839597 -0.540853 -0.0505374 -36.5375 0.541833 0.840456 0.00709237 139.974 0.0386385 -0.0333376 0.998697 -7.16136
0.838494 -0.543135 -0.0439547 -35.5104 0.544746 0.837492 0.0431138 140.639 0.0133951 -0.0600948 0.998103 -7.17155
0.799368 -0.599346 -0.0423821 -34.6294 0.600772 0.798359 0.0411736 141.249 0.00915888 -0.0583749 0.998253 -7.13964
0.803154 -0.594271 -0.0422628 -33.7784 0.595681 0.802249 0.0395142 141.88 0.0104232 -0.0569111 0.998325 -7.16115
0.805034 -0.590436 -0.0574939 -32.9261 0.591793 0.806043 0.00864661 142.53 0.0412373 -0.0409853 0.998308 -7.17403
0.803438 -0.595014 -0.0211287 -31.991 0.594985 0.801081 0.0652917 143.209 -0.0219237 -0.0650291 0.997643 -7.09379
0.646156 -0.762021 -0.0424983 -30.975 0.763202 0.645003 0.0386388 143.874 -0.00203199 -0.0574015 0.998349 -7.16691
0.808166 -0.587777 -0.037213 -30.8482 0.58882 0.805022 0.0723168 144.688 -0.0125489 -0.0803558 0.996687 -7.17891
0.985109 -0.16818 -0.0357043 -30.2759 0.170444 0.982543 0.0745506 144.947 0.0225431 -0.0795261 0.996578 -7.2378
0.974028 0.226235 -0.00928359 -29.864 -0.224234 0.96948 0.0991316 144.833 0.0314273 -0.0944753 0.995031 -7.06644
0.908844 0.41696 -0.0121464 -29.7095 -0.413752 0.90479 0.100819 144.788 0.0530275 -0.0866033 0.994831 -7.07399
0.74305 0.669203 -0.00659842 -29.6013 -0.665581 0.739986 0.0970733 144.531 0.0698445 -0.0677386 0.995255 -7.13031
0.542366 0.840121 -0.00591817 -29.3382 -0.835883 0.540312 0.0967601 144.279 0.0844879 -0.0475325 0.99529 -7.07014
0.65765 0.753253 -0.0103017 -28.8203 -0.74906 0.65532 0.0972864 143.307 0.0800322 -0.0562638 0.995203 -7.04516
0.628469 0.777745 -0.0117978 -28.1077 -0.773211 0.626312 0.099388 142.355 0.0846876 -0.0533401 0.994979 -6.93124
0.552199 0.833657 -0.00963839 -27.3694 -0.829043 0.550292 0.0993304 141.431 0.0881114 -0.0468596 0.995008 -6.85596
0.541254 0.83994 -0.0393003 -26.5672 -0.836386 0.542601 0.0777335 140.362 0.0866159 -0.00920333 0.996199 -6.83522
0.53431 0.845122 -0.0167461 -25.9736 -0.843746 0.534427 0.0498126 139.474 0.0510473 -0.0124859 0.998618 -6.77499
0.528978 0.84821 -0.0268824 -25.4478 -0.846724 0.529646 0.0503359 138.579 0.0569336 -0.00386467 0.99837 -6.67781
0.547865 0.83629 -0.0215226 -24.8686 -0.834578 0.548154 0.0548307 137.659 0.0576521 -0.0120775 0.998264 -6.62063
0.620798 0.783852 -0.0136507 -24.2609 -0.782032 0.620393 0.0594948 136.815 0.0551039 -0.0262589 0.998135 -6.55579
0.65316 0.756616 -0.0302171 -23.6021 -0.752249 0.652921 0.0884051 136.049 0.0866181 -0.035012 0.995626 -6.46391
0.65078 0.758817 -0.0261091 -22.9462 -0.756337 0.650904 0.0654122 135.293 0.0666304 -0.0228217 0.997517 -6.42331
0.64637 0.761597 -0.0466468 -22.1444 -0.756796 0.64769 0.0880769 134.349 0.0972917 -0.0216282 0.995021 -6.32331
0.644383 0.764113 -0.0300389 -21.4505 -0.761103 0.644661 0.0716579 133.57 0.0741196 -0.0233124 0.996977 -6.36664
0.637202 0.770121 -0.0298034 -20.7511 -0.767176 0.637508 0.0708843 132.714 0.0735894 -0.0223031 0.997039 -6.29139
0.632876 0.773542 -0.0331772 -20.0515 -0.77052 0.633449 0.0710041 131.846 0.0759407 -0.0193732 0.996924 -6.17122
0.629952 0.776583 0.00892097 -19.2846 -0.776368 0.629995 -0.0189574 131.012 -0.0203422 0.00501631 0.99978 -6.16506
0.576844 0.814674 -0.0596375 -18.6534 -0.808824 0.579861 0.0977989 130.136 0.114256 -0.00817848 0.993418 -6.05253
0.565974 0.823908 -0.0291381 -18.0974 -0.822807 0.566724 0.0425795 129.269 0.0515949 -0.000123873 0.998668 -5.88845
0.559834 0.82706 -0.0505642 -17.3899 -0.824017 0.56211 0.0709103 128.332 0.0870697 0.00196772 0.9962 -5.89934
0.549741 0.834699 -0.0325865 -16.6333 -0.833037 0.550703 0.0526826 127.123 0.0619196 -0.001816 0.998079 -5.81387
0.55158 0.833665 -0.02761 -15.9977 -0.831813 0.552213 0.056097 126.161 0.0620127 -0.00797559 0.998043 -5.75556
0.547362 0.836821 -0.0111603 -15.3174 -0.836032 0.547354 0.0381284 125.133 0.0380153 -0.0115397 0.999211 -5.65626
0.54063 0.840462 -0.0366395 -14.6162 -0.838318 0.541867 0.0600317 124.058 0.0703082 -0.00173935 0.997524 -5.56754
0.536458 0.84311 -0.0371336 -14.0636 -0.840469 0.537722 0.0668338 123.208 0.0763158 -0.00464383 0.997073 -5.47504
0.534425 0.844646 -0.031028 -13.5 -0.843323 0.535324 0.0472676 122.332 0.0565344 0.000905643 0.9984 -5.50677
0.533026 0.845853 -0.0203731 -12.8188 -0.845004 0.533407 0.0380247 121.255 0.0430305 -0.0030528 0.999069 -5.47312
0.523037 0.850852 -0.0498319 -12.2953 -0.848946 0.525271 0.0581498 120.398 0.0756521 0.01189 0.997063 -5.39468
0.53809 0.842594 -0.0222138 -11.7468 -0.841411 0.538521 0.0449775 119.501 0.0498604 -0.00551103 0.998741 -5.31189
0.537412 0.842764 -0.0306128 -11.0465 -0.840436 0.53822 0.0631439 118.415 0.0696919 -0.00820621 0.997535 -5.26486
0.532063 0.845653 -0.0421925 -10.3235 -0.839636 0.533391 0.102498 117.348 0.109183 -0.0191093 0.993838 -5.23007
0.695975 0.717239 -0.034461 -9.73373 -0.714642 0.696539 0.0641974 116.151 0.0700483 -0.0200525 0.997342 -5.16039
0.824767 0.565147 -0.0191883 -8.86267 -0.563935 0.824551 0.0457507 115.603 0.0416776 -0.0269127 0.998769 -5.02681
0.873159 0.486179 -0.0349714 -7.95233 -0.48306 0.872683 0.0712503 115.126 0.0651594 -0.0453196 0.996845 -5.00495
0.926617 0.375854 -0.0106755 -7.05332 -0.373666 0.923643 0.0851903 114.647 0.0418795 -0.0749498 0.996308 -4.92802
0.988774 0.137183 -0.0592265 -6.39078 -0.130876 0.986371 0.0997163 114.47 0.0720986 -0.0908454 0.993252 -4.93087
0.994216 -0.0882561 -0.0612067 -5.78372 0.0936348 0.9914 0.0914292 114.428 0.0526111 -0.0966314 0.993929 -4.90378
0.948787 -0.309873 -0.0615002 -5.16566 0.314344 0.945404 0.0860152 114.554 0.0314888 -0.100942 0.994394 -4.88151
0.84955 -0.521786 -0.0774885 -4.67774 0.526477 0.847874 0.0627105 114.845 0.032979 -0.0940716 0.995019 -4.75921
0.744994 -0.66575 -0.0419529 -3.6508 0.667013 0.742625 0.0600195 115.459 -0.00880269 -0.0726973 0.997315 -4.80777
0.737685 -0.674435 -0.030959 -2.75814 0.67449 0.734173 0.0778 116.31 -0.0297417 -0.0782734 0.996488 -4.88755
0.779714 -0.625127 -0.0355121 -1.8624 0.625929 0.776749 0.0698153 117.061 -0.0160595 -0.0766641 0.996928 -4.91236
0.775885 -0.625912 -0.078971 -1.00561 0.62996 0.775405 0.0435716 117.723 0.0339625 -0.0835551 0.995924 -4.87282
0.774593 -0.629326 -0.0628843 -0.112834 0.63233 0.772613 0.0568128 118.531 0.0128314 -0.0837704 0.996402 -4.89718
0.813861 -0.578724 -0.0520447 0.704827 0.581054 0.810941 0.0689226 119.208 0.00231805 -0.0863342 0.996264 -4.81879
0.89182 -0.448909 -0.0560202 1.71142 0.451806 0.890108 0.0598234 119.885 0.0230088 -0.078662 0.996636 -4.90367
0.898608 -0.438083 -0.0242035 2.91584 0.4387 0.896291 0.064848 120.391 -0.00671546 -0.0688911 0.997602 -4.86328
0.874478 -0.482381 -0.0509636 4.03463 0.484592 0.87343 0.0478531 120.96 0.0214297 -0.066543 0.997553 -4.89912
0.819195 -0.571927 -0.0426499 5.13996 0.573484 0.817655 0.0505568 121.655 0.0059581 -0.0658749 0.99781 -4.7972
0.811974 -0.580633 -0.0597064 6.21421 0.583025 0.811685 0.0353362 122.455 0.0279455 -0.0635023 0.99759 -4.80796
0.846659 -0.529657 -0.0513006 7.07555 0.531864 0.845365 0.0497921 123.061 0.016995 -0.0694419 0.997441 -4.77382
0.873594 -0.483848 -0.0522014 8.1079 0.486164 0.872498 0.0489086 123.692 0.0218813 -0.0681047 0.997438 -4.74013
0.873901 -0.479967 -0.0769943 9.14219 0.482999 0.875231 0.0261247 124.219 0.0548488 -0.0600186 0.996689 -4.6674
0.877053 -0.476045 -0.064488 10.2304 0.47878 0.877189 0.0361911 124.879 0.0393395 -0.0626171 0.997262 -4.72771
0.874135 -0.482794 -0.0528976 11.3666 0.484806 0.873908 0.035327 125.49 0.029172 -0.0565257 0.997975 -4.61739
0.875139 -0.479191 -0.0671325 12.4784 0.482035 0.875461 0.0347763 126.106 0.0421074 -0.0627943 0.997138 -4.56705
0.874301 -0.480095 -0.071457 13.379 0.48364 0.874134 0.0445067 126.633 0.0410956 -0.0734718 0.99645 -4.56189
0.887744 -0.45653 -0.0590813 14.4673 0.459743 0.885785 0.0634202 127.235 0.0233801 -0.0834631 0.996237 -4.5634
0.963838 -0.259203 -0.0618904 15.5139 0.263125 0.962437 0.0669414 127.734 0.0422141 -0.0808056 0.995836 -4.56183
0.974218 -0.220593 -0.0473091 16.636 0.223266 0.972808 0.0616209 127.961 0.0324296 -0.0705946 0.996978 -4.46343
0.91634 -0.396501 -0.0557484 17.8464 0.399395 0.914997 0.057133 128.28 0.0283563 -0.0746189 0.996809 -4.4165
0.845406 -0.528756 -0.0755407 18.8323 0.533042 0.844212 0.0563279 128.842 0.0339886 -0.0878863 0.99555 -4.4853
0.84103 -0.537292 -0.0631302 19.7949 0.540312 0.840071 0.0484034 129.539 0.0270271 -0.0748187 0.996831 -4.42916
0.840301 -0.539486 -0.0533747 20.7182 0.541762 0.839243 0.046536 130.127 0.0196888 -0.0680206 0.99749 -4.50203
0.838779 -0.542869 -0.0417508 21.6389 0.54441 0.837369 0.0492997 130.75 0.00819753 -0.0640811 0.997911 -4.43288
0.836177 -0.547236 -0.0366111 22.5377 0.548328 0.832648 0.0776712 131.343 -0.0120203 -0.0850217 0.996307 -4.38775
0.942351 -0.331253 -0.0473885 23.4568 0.33403 0.939639 0.0741776 131.72 0.0199565 -0.0857305 0.996118 -4.42941
0.966514 -0.250807 -0.0542786 24.4311 0.254326 0.964402 0.0724344 132.08 0.0341794 -0.0838133 0.995895 -4.42893
0.959175 -0.278781 -0.0475965 25.5568 0.28165 0.956859 0.0713718 132.436 0.025646 -0.0818635 0.996314 -4.42015
0.943114 -0.3284 -0.05186 26.7514 0.331454 0.940906 0.069523 132.807 0.0259641 -0.0827574 0.996231 -4.41411
0.917137 -0.395948 -0.0456581 27.7481 0.398313 0.914634 0.0692222 133.21 0.014352 -0.0816725 0.996556 -4.36597
0.923435 -0.382157 -0.0349948 28.9165 0.383712 0.920863 0.0691175 133.746 0.00581166 -0.0772534 0.996995 -4.37039
0.989818 -0.136816 -0.0392669 29.8569 0.139266 0.987884 0.0684867 134.107 0.029421 -0.0732579 0.996879 -4.37662
0.995633 -0.087924 -0.0313711 30.9907 0.0899701 0.993395 0.07121 134.172 0.0249028 -0.0737215 0.996968 -4.31751
0.996892 0.0773286 -0.0150362 32.1161 -0.076014 0.994351 0.0740855 134.351 0.0206802 -0.0727123 0.997139 -4.28035
0.959806 0.279564 -0.0248434 32.9893 -0.27728 0.958213 0.0703101 134.245 0.0434615 -0.0605955 0.997216 -4.30972
0.875996 0.481123 -0.0339323 33.8081 -0.478135 0.875492 0.0700067 133.957 0.0633893 -0.0451014 0.996969 -4.23401
0.761777 0.646845 -0.0358793 34.6716 -0.643667 0.761985 0.0712221 133.23 0.0734092 -0.0311611 0.996815 -4.20727
0.716323 0.696859 -0.0356311 35.4881 -0.695818 0.717204 0.0381481 132.544 0.0521386 -0.00253361 0.998637 -4.14372
0.680892 0.726664 -0.0913572 36.2106 -0.717622 0.686876 0.11498 131.772 0.146303 -0.0127293 0.989158 -3.90494
0.666396 0.744892 -0.032444 37.1485 -0.744817 0.667058 0.0167455 130.805 0.0341156 0.0130057 0.999333 -3.83762
0.666316 0.74478 -0.0364149 38.0096 -0.744836 0.667085 0.0147094 129.83 0.0352471 0.017322 0.999228 -3.76783
0.638729 0.768549 -0.0368413 38.6772 -0.768683 0.639488 0.013519 129.035 0.0339496 0.0196843 0.99923 -3.74625
0.625535 0.776735 -0.0734066 39.5372 -0.773634 0.629699 0.0704939 127.997 0.100979 0.0126934 0.994808 -3.66441
0.624213 0.78022 -0.0401809 40.1994 -0.779154 0.62548 0.0411623 127.172 0.057248 0.00561306 0.998344 -3.62295
0.618265 0.785078 -0.0374181 40.8453 -0.78424 0.619362 0.0368469 126.388 0.0521031 0.00656366 0.99862 -3.51823
0.60875 0.792493 -0.037115 41.5036 -0.792072 0.609762 0.0285051 125.508 0.0452215 0.0120453 0.998904 -3.54789
0.606556 0.793971 -0.0412245 42.1686 -0.793432 0.607811 0.0321053 124.674 0.0505474 0.0132352 0.998634 -3.48347
0.602485 0.79715 -0.0395448 42.8064 -0.796691 0.603634 0.0301536 123.854 0.0479075 0.0133379 0.998763 -3.46065
0.59929 0.799715 -0.0361602 43.4425 -0.799225 0.600281 0.0300311 123.015 0.0457226 0.0109028 0.998895 -3.41065
0.592244 0.805064 -0.0334586 44.0637 -0.804613 0.593105 0.028701 122.19 0.0429506 0.00992325 0.999028 -3.31727
0.590485 0.806276 -0.0353173 44.7421 -0.80575 0.591452 0.030853 121.308 0.0457645 0.0102387 0.9989 -3.3441
0.585472 0.809904 -0.0357496 45.4077 -0.809372 0.586466 0.031228 120.431 0.0462575 0.0106516 0.998873 -3.2988
0.580899 0.813197 -0.0355975 46.0487 -0.812644 0.581895 0.0317653 119.548 0.0465455 0.0104757 0.998861 -3.2437
0.535171 0.844178 -0.0309136 46.7187 -0.843558 0.536 0.0333729 118.619 0.0447424 0.00821728 0.998965 -3.19336
0.521867 0.853009 0.00558762 47.2204 -0.850726 0.519967 0.0768136 117.676 0.0626173 -0.04484 0.99703 -3.22822
0.585644 0.810423 -0.0153557 47.8397 -0.807802 0.585104 0.0714851 116.806 0.0669179 -0.0294604 0.997323 -3.13016
0.672668 0.739167 -0.0339084 48.5514 -0.735655 0.672993 0.0767632 115.934 0.079561 -0.0266913 0.996473 -2.9574
0.639371 0.767512 -0.0461534 49.1904 -0.766198 0.641003 0.0453288 115.157 0.0643748 0.0063807 0.997905 -2.86025
0.583966 0.810782 -0.0402191 50.0457 -0.809295 0.585337 0.049226 114.157 0.0634533 0.00380281 0.997978 -2.8198
0.577309 0.815784 -0.0347874 50.6247 -0.814617 0.578348 0.0437405 113.32 0.0558021 0.00308657 0.998437 -2.82333
0.571504 0.819682 -0.0387944 51.2333 -0.818058 0.572815 0.0516183 112.475 0.0645326 0.00223598 0.997913 -2.77098
0.564148 0.825248 -0.0265152 51.8427 -0.824046 0.564761 0.0446499 111.59 0.0518219 -0.00333941 0.998651 -2.69828
0.591264 0.806132 -0.0236329 52.5235 -0.804822 0.591674 0.0467339 110.762 0.0516566 -0.00861185 0.998628 -2.61461
0.709618 0.704047 -0.0275633 53.1713 -0.702487 0.709979 0.0494062 109.955 0.0543537 -0.0156966 0.998398 -2.56746
0.713654 0.699836 -0.0304639 53.9305 -0.69824 0.714169 0.0492306 109.187 0.0562097 -0.0138625 0.998323 -2.52043
0.714645 0.698734 -0.0324512 54.7 -0.697001 0.715246 0.0511152 108.403 0.0589266 -0.0139107 0.998165 -2.48678
0.66647 0.744757 -0.0339875 55.4678 -0.743016 0.667272 0.0517197 107.628 0.0611975 -0.00921635 0.998083 -2.41741
0.571691 0.819737 -0.0346461 56.3285 -0.818045 0.572737 0.0526769 106.49 0.0630243 -0.00177286 0.99801 -2.30396
